18.4327 -4.56025
18.5142 -4.63605
38.0192 -6.15736
42.7182 -6.26144
43.7181 -6.26845
44.3941 -6.15289
50.5464 -6.39288
20.8939 -5.01557
24.5381 -5.02363
26.6036 -5.16123
27.3662 -5.18775
28.374 -5.30749
29.294 -5.19678
30.9758 -5.45593
31.4548 -5.43792
32.1032 -5.27064
34.7816 -5.67007
35.3685 -5.33661
37.5126 -5.89471
38.2441 -5.82518
39.1806 -5.45836
44.3866 -5.49691
50.4914 -5.50223
0.488513 -4.21971
1.21944 -4.14995
4.89591 -4.2522
5.47343 -4.26438
6.51922 -4.27646
7.53597 -4.30471
8.63933 -4.35533
9.51049 -4.26656
10.5173 -4.26422
11.5756 -4.3169
12.3303 -4.31028
13.53 -4.35146
14.4992 -4.26536
15.4278 -4.41046
16.641 -4.32933
17.7716 -4.41353
19.1985 -4.45676
20.2853 -4.49218
21.6231 -4.45884
23.3555 -4.49499
24.7515 -4.48822
27.0509 -4.52349
29.3621 -4.505
32.1039 -4.50571
35.4256 -4.50323
39.1897 -4.48902
44.3733 -4.46397
50.4287 -4.52881
1.76171 -3.86419
2.33532 -3.61732
3.51831 -3.24271
4.54452 -3.33798
5.44964 -3.47611
6.44127 -3.4887
7.45523 -3.47047
8.45426 -3.48443
9.4219 -3.49452
10.4688 -3.49878
11.7345 -3.49806
12.4917 -3.4952
13.5636 -3.57858
14.4233 -3.4101
15.2473 -3.47425
16.4937 -3.5014
17.8979 -3.44484
19.233 -3.48678
20.3846 -3.50569
21.75 -3.52239
23.4413 -3.5003
24.8269 -3.47119
27.1063 -3.52657
29.3806 -3.46811
32.1356 -3.52141
35.4297 -3.51592
39.1691 -3.50342
44.37 -3.49208
50.354 -3.72032
3.66071 -2.65335
4.47778 -2.47723
5.50047 -2.48539
6.48221 -2.46941
7.5218 -2.51113
8.37929 -2.55135
9.49846 -2.45657
10.6201 -2.55462
11.7399 -2.4238
12.6404 -2.50103
13.5042 -2.5143
14.4172 -2.50248
15.3547 -2.48842
16.1918 -2.48282
17.172 -2.53302
18.0226 -2.38459
19.2969 -2.50082
20.4386 -2.489
21.812 -2.50387
23.4739 -2.50468
24.8579 -2.48994
27.1373 -2.49695
29.3788 -2.47315
32.1185 -2.53337
35.3831 -2.47665
39.1233 -2.52139
44.2461 -2.51127
3.86727 -1.63763
4.46571 -1.53595
5.42815 -1.48252
6.41251 -1.47934
7.47052 -1.53905
8.34992 -1.45436
9.51356 -1.5163
10.3565 -1.48304
11.2351 -1.56705
12.5243 -1.45946
13.5699 -1.50454
14.4862 -1.48978
15.405 -1.50007
16.2275 -1.48832
17.0672 -1.48355
18.0456 -1.49099
19.3149 -1.511
20.4482 -1.50259
21.8273 -1.51573
23.4911 -1.51093
24.8434 -1.50837
27.1249 -1.50898
29.3454 -1.4888
32.0553 -1.49527
35.3769 -1.50082
39.0642 -1.50627
44.1691 -1.47282
4.77794 -0.520588
5.41377 -0.502282
6.411 -0.500204
7.46729 -0.502565
8.35715 -0.500485
9.46041 -0.479
10.2927 -0.529522
11.0908 -0.503591
12.4924 -0.497423
13.5876 -0.498244
14.4851 -0.48705
15.4173 -0.514758
16.2355 -0.497347
17.13 -0.471716
18.0386 -0.544446
19.2869 -0.497146
20.4378 -0.518623
21.798 -0.529841
23.4602 -0.488525
24.8053 -0.49755
27.0911 -0.520125
29.2913 -0.503454
31.9965 -0.274149
32.0071 -0.547047
35.2976 -0.520685
38.9723 -0.424484
39.003 -0.938517
44.1279 -0.515286
50.0728 -0.350195
4.70901 0.563788
5.42674 0.49213
6.41589 0.475839
7.46897 0.530156
8.35042 0.451941
9.54563 0.506571
10.5302 0.54898
11.4486 0.519402
12.5926 0.448566
13.5322 0.506479
14.4186 0.511837
15.3635 0.494683
16.4076 0.578017
17.6068 0.407822
19.2108 0.510153
20.3603 0.48902
21.7397 0.482066
23.4103 0.504052
24.7487 0.5097
27.0498 0.501038
29.2457 0.474423
31.9549 0.601527
32.002 0.0940511
35.202 0.509879
38.8987 0.485767
44.1278 0.513396
50.1464 0.460114
3.71558 1.66088
4.50274 1.49736
5.49632 1.48941
6.48026 1.47078
7.51777 1.49689
8.41302 1.54474
9.48972 1.45328
10.5957 1.50188
11.8377 1.51227
12.5605 1.4983
13.5509 1.58881
14.3887 1.43545
15.2371 1.51663
16.4758 1.49566
17.8763 1.48961
19.1242 1.51284
20.2609 1.49254
21.6346 1.49278
23.3313 1.48799
24.682 1.52002
26.9883 1.71754
27.0231 1.20705
29.1668 1.49506
31.8946 1.52463
35.1659 1.52764
38.87 1.27504
43.8647 1.79099
44.1198 1.33824
49.9902 1.69445
50.1264 1.24519
2.71959 2.78777
3.50414 2.51921
4.44749 2.47322
5.46105 2.48166
6.42009 2.50036
7.44725 2.47467
8.44239 2.48455
9.39738 2.52735
10.4052 2.46482
11.6505 2.50956
12.3717 2.49999
13.5324 2.50512
14.4685 2.49085
15.4527 2.55096
16.6679 2.43587
17.7378 2.50233
18.96 2.6499
19.0479 2.15191
20.1181 2.49035
21.4929 2.49099
23.208 2.50419
24.5332 2.51683
26.8625 2.54051
28.9914 2.85554
29.0555 2.38517
31.7798 2.49808
34.9883 2.95211
35.0747 2.45259
43.7653 2.61511
1.64053 3.66329
2.47892 3.45294
3.47414 3.47455
4.48377 3.47927
5.47776 3.46919
6.53803 3.48731
7.46909 3.46205
8.56885 3.51608
9.47311 3.48538
10.3541 3.51187
11.5932 3.54291
12.4709 3.53128
13.4286 3.42003
14.5385 3.50481
15.7027 3.49459
16.5708 3.4914
17.5252 3.50112
18.7593 3.49328
19.8935 3.53052
20.0147 3.02456
21.3099 3.488
22.9205 3.72833
23.0573 3.2387
24.3494 3.50864
26.6831 3.54604
28.8639 3.51038
31.5733 3.50344
34.8637 3.50447
38.52 3.5751
43.613 3.38707
1.69521 4.42073
2.4695 4.4478
3.48147 4.47593
4.47231 4.4747
5.4771 4.48183
6.47676 4.48802
7.45467 4.44351
8.46159 4.46187
9.48178 4.5644
10.556 4.49285
11.5461 4.47771
12.4779 4.42986
13.4925 4.54078
14.4302 4.44025
15.3954 4.48778
16.2588 4.48717
17.2203 4.50395
18.454 4.4839
19.6187 4.53015
20.9337 4.79447
21.0978 4.27931
22.7241 4.48881
23.9697 4.89881
24.1251 4.37985
26.431 4.53972
28.5982 4.50099
31.3205 4.49215
34.5926 4.50418
38.2722 4.50567
43.4586 4.50474
49.1956 4.46448
1.84483 5.40453
2.49091 5.47386
3.47112 5.46891
4.48572 5.47136
5.48845 5.48423
6.43103 5.45402
7.5377 5.49622
8.48732 5.43235
9.34614 5.50928
10.5651 5.58338
11.404 5.46642
12.5127 5.46656
13.5205 5.55805
14.4387 5.52947
15.5292 5.46247
16.6642 5.46278
17.6203 5.55964
18.1539 5.35325
19.2783 5.50749
20.6857 5.47511
22.4015 5.49078
23.7888 5.51666
26.1836 5.52961
28.3903 5.2751
30.8475 5.79211
31.1186 5.45303
34.354 5.43945
42.97 5.25089
43.1376 5.06479
1.893 6.39631
2.47663 6.38581
3.49158 6.4396
4.46864 6.40995
5.43299 6.34737
6.50175 6.42757
7.42194 6.39624
8.51677 6.3363
9.81677 6.42262
10.5706 6.32649
11.5198 6.29303
12.3783 6.36122
13.4823 6.28678
14.6422 6.31905
15.6285 6.21123
16.6087 6.33929
17.8381 6.3342
18.956 6.48257
19.0883 6.15742
20.5424 6.03607
22.1774 6.26947
23.5291 6.22094
25.963 6.15923
26.023 6.17324
55.285 -7.41013
56.9379 -4.2884
50.3951 4.78467
51.0422 4.68361